# node-list  reported_density  computed_density  EQUAL/DIFF
20817 20818 20819 20820 20821 20822 20823 20824 20825 20826 1.000000 1.000000 EQUAL
54282 54283 54284 54285 54286 54287 54288 54289 54290 54291 1.000000 1.000000 EQUAL
75572 75573 75574 75575 75576 75577 75578 75579 75580 75581 1.000000 1.000000 EQUAL
112838 112840 112841 112843 112845 112846 112847 112848 112849 112850 0.911111 0.911111 EQUAL
112838 112841 112842 112843 112845 112846 112847 112848 112849 112850 0.933333 0.933333 EQUAL
127787 127788 127789 127790 127791 127792 127793 127794 127795 127796 1.000000 1.000000 EQUAL
139306 139307 139308 139309 139310 139311 139312 139313 139314 139315 0.933333 0.933333 EQUAL
207858 207859 207860 207861 207862 207863 207864 207865 207866 207867 1.000000 1.000000 EQUAL
208959 208960 208961 208962 208963 208964 208965 208966 208967 208968 1.000000 1.000000 EQUAL
228620 228621 228622 228623 228624 228625 228626 228627 228628 228629 0.933333 0.933333 EQUAL
240245 240246 240247 240248 240249 240250 240251 240252 240253 240254 0.977778 0.977778 EQUAL
240245 240246 240247 240248 240249 240250 240251 240252 240253 240255 0.955556 0.955556 EQUAL
240245 240246 240247 240248 240249 240250 240251 240252 240254 240255 0.911111 0.911111 EQUAL
240245 240246 240247 240248 240249 240250 240251 240253 240254 240255 0.911111 0.911111 EQUAL
240245 240246 240247 240248 240249 240250 240252 240253 240254 240255 0.911111 0.911111 EQUAL
240245 240246 240247 240248 240249 240251 240252 240253 240254 240255 0.911111 0.911111 EQUAL
240245 240246 240247 240248 240250 240251 240252 240253 240254 240255 0.933333 0.933333 EQUAL
240245 240246 240247 240249 240250 240251 240252 240253 240254 240255 0.911111 0.911111 EQUAL
240245 240246 240248 240249 240250 240251 240252 240253 240254 240255 0.911111 0.911111 EQUAL
240245 240247 240248 240249 240250 240251 240252 240253 240254 240255 0.911111 0.911111 EQUAL
240246 240247 240248 240249 240250 240251 240252 240253 240254 240255 0.955556 0.955556 EQUAL
248116 248117 248118 248119 248120 248121 248122 248123 248124 248125 1.000000 1.000000 EQUAL
261853 261854 261855 261856 261857 261858 261859 261860 261861 261862 0.933333 0.933333 EQUAL
277441 277442 277443 277444 277445 277446 277447 277448 277449 277450 0.977778 0.977778 EQUAL
317811 317813 317814 317815 317816 317817 317818 317819 317820 317821 0.911111 0.911111 EQUAL
322061 322062 322063 322064 322065 322066 322067 322068 322069 322070 1.000000 1.000000 EQUAL
328000 328001 328002 328003 328004 328005 328006 328007 328008 328009 1.000000 1.000000 EQUAL
356172 356173 356174 356175 356176 356177 356178 356179 356180 356181 1.000000 1.000000 EQUAL
368566 368567 368568 368569 368570 368571 368572 368573 368574 368575 1.000000 1.000000 EQUAL
389536 389537 389538 389539 389540 389541 389542 389543 389544 389545 1.000000 1.000000 EQUAL
401009 401010 401011 401012 401013 401014 401015 401016 401017 401018 0.911111 0.911111 EQUAL
425007 425008 425009 425010 425011 425012 425013 425014 425015 425016 1.000000 1.000000 EQUAL
449567 449568 449569 449570 449571 449572 449573 449574 449575 449576 1.000000 1.000000 EQUAL
480156 480157 480158 480159 480160 480161 480162 480163 480164 480165 1.000000 1.000000 EQUAL
481806 481807 481808 481809 481810 481811 481812 481813 481814 481815 1.000000 1.000000 EQUAL
482156 482157 482158 482159 482160 482161 482162 482163 482164 482167 0.911111 0.911111 EQUAL
497988 497989 497990 497991 497992 497993 497994 497995 497996 497997 1.000000 1.000000 EQUAL
529651 529652 529653 529654 529655 529656 529657 529658 529659 529660 1.000000 1.000000 EQUAL
532868 532869 532870 532871 532872 532873 532874 532875 532876 532877 1.000000 1.000000 EQUAL
553988 553989 553990 553991 553992 553993 553994 553995 553996 553997 1.000000 1.000000 EQUAL
577503 577504 577505 577506 577507 577508 577509 577510 577511 577512 0.911111 0.911111 EQUAL
577503 577504 577505 577506 577507 577508 577509 577510 577511 577513 0.933333 0.933333 EQUAL
37151 37152 37153 37154 37155 37156 37157 37158 37159 0.944444 0.944444 EQUAL
64440 64441 64442 64443 64444 64446 64447 64448 64449 1.000000 1.000000 EQUAL
112838 112839 112841 112843 112845 112847 112848 112849 112850 0.916667 0.916667 EQUAL
112838 112841 112842 112843 112844 112846 112847 112848 112850 0.916667 0.916667 EQUAL
112838 112841 112843 112844 112845 112846 112847 112848 112850 0.916667 0.916667 EQUAL
112838 112841 112843 112844 112845 112847 112848 112849 112850 0.916667 0.916667 EQUAL
162921 162924 162925 162926 162928 162929 162930 162931 162932 0.916667 0.916667 EQUAL
308651 308652 308653 308654 308655 308656 308657 308658 308659 0.944444 0.944444 EQUAL
308651 308652 308653 308654 308656 308657 308658 308659 308661 0.916667 0.888889 DIFF
308742 308743 308744 308745 308746 308747 308748 308749 308750 1.000000 1.000000 EQUAL
380972 380973 380974 380975 380976 380977 380979 380980 380981 0.944444 0.944444 EQUAL
415944 415945 415946 415947 415948 415949 415950 415951 415953 0.916667 0.833333 DIFF
415945 415946 415947 415948 415949 415950 415951 415952 415953 0.916667 0.833333 DIFF
112838 112839 112840 112845 112847 112848 112849 112850 0.928571 0.928571 EQUAL
162921 162922 162924 162925 162926 162929 162931 162932 0.928571 0.928571 EQUAL
162921 162922 162924 162926 162928 162930 162931 162932 0.928571 0.928571 EQUAL
162921 162922 162924 162926 162929 162930 162931 162932 0.928571 0.928571 EQUAL
289776 289777 289778 289779 289780 289781 289782 289783 0.964286 0.964286 EQUAL
289776 289777 289778 289779 289780 289782 289783 289786 0.928571 0.928571 EQUAL
289776 289777 289778 289779 289780 289782 289783 289787 0.928571 0.928571 EQUAL
289776 289777 289778 289779 289781 289782 289783 289786 0.928571 0.928571 EQUAL
289776 289777 289778 289779 289781 289782 289783 289787 0.928571 0.928571 EQUAL
308651 308652 308653 308655 308657 308658 308659 308661 0.928571 0.892857 DIFF
415466 415467 415468 415469 415470 415471 415472 415473 0.928571 0.928571 EQUAL
415466 415467 415468 415469 415470 415471 415473 415474 0.928571 0.928571 EQUAL
415944 415945 415946 415947 415948 415949 415950 415952 0.928571 0.928571 EQUAL
415944 415946 415947 415948 415949 415950 415952 415953 0.928571 0.857143 DIFF
37151 37152 37153 37154 37157 37158 37160 0.904762 0.904762 EQUAL
37151 37152 37153 37154 37157 37158 37161 0.904762 0.904762 EQUAL
37151 37152 37154 37155 37157 37158 37160 0.904762 0.904762 EQUAL
37151 37152 37154 37155 37157 37158 37161 0.904762 0.904762 EQUAL
37151 37152 37154 37156 37157 37158 37160 0.904762 0.904762 EQUAL
37151 37152 37154 37156 37157 37158 37161 0.904762 0.904762 EQUAL
37151 37152 37154 37157 37158 37159 37160 0.904762 0.904762 EQUAL
37151 37152 37154 37157 37158 37159 37161 0.904762 0.904762 EQUAL
37151 37152 37154 37157 37158 37160 37161 0.904762 0.904762 EQUAL
64440 64441 64442 64443 64444 64445 64449 0.904762 0.904762 EQUAL
64440 64441 64442 64443 64445 64446 64449 0.904762 0.904762 EQUAL
64440 64441 64442 64443 64445 64447 64449 0.904762 0.904762 EQUAL
64440 64441 64442 64443 64445 64448 64449 0.904762 0.904762 EQUAL
64440 64441 64442 64443 64447 64449 64450 0.904762 0.904762 EQUAL
64440 64442 64443 64444 64445 64446 64449 0.904762 0.904762 EQUAL
64440 64442 64443 64444 64445 64447 64449 0.904762 0.904762 EQUAL
64440 64442 64443 64444 64445 64448 64449 0.904762 0.904762 EQUAL
64440 64442 64443 64444 64447 64449 64450 0.904762 0.904762 EQUAL
64440 64442 64443 64445 64446 64447 64449 0.904762 0.904762 EQUAL
64440 64442 64443 64445 64446 64448 64449 0.904762 0.904762 EQUAL
64440 64442 64443 64445 64447 64448 64449 0.904762 0.904762 EQUAL
64440 64442 64443 64446 64447 64449 64450 0.904762 0.904762 EQUAL
64440 64442 64443 64447 64448 64449 64450 0.904762 0.904762 EQUAL
112838 112839 112841 112842 112847 112848 112850 0.904762 0.904762 EQUAL
112838 112839 112841 112846 112847 112848 112850 0.904762 0.904762 EQUAL
112838 112839 112842 112843 112847 112848 112850 0.904762 0.904762 EQUAL
112838 112839 112842 112846 112847 112848 112850 0.904762 0.904762 EQUAL
112838 112839 112842 112847 112848 112849 112850 0.904762 0.904762 EQUAL
112838 112839 112843 112844 112847 112848 112850 0.904762 0.904762 EQUAL
112838 112839 112843 112846 112847 112848 112850 0.904762 0.904762 EQUAL
112838 112839 112844 112847 112848 112849 112850 0.904762 0.904762 EQUAL
112838 112839 112845 112846 112847 112848 112850 0.904762 0.904762 EQUAL
112838 112839 112846 112847 112848 112849 112850 0.904762 0.904762 EQUAL
112838 112840 112841 112842 112847 112848 112850 0.904762 0.904762 EQUAL
112838 112840 112842 112843 112847 112848 112850 0.904762 0.904762 EQUAL
112838 112840 112842 112845 112847 112848 112850 0.904762 0.904762 EQUAL
112838 112840 112842 112846 112847 112848 112850 0.904762 0.904762 EQUAL
112838 112840 112842 112847 112848 112849 112850 0.904762 0.904762 EQUAL
112838 112840 112843 112844 112847 112848 112850 0.904762 0.904762 EQUAL
112838 112840 112844 112845 112847 112848 112850 0.904762 0.904762 EQUAL
112838 112840 112844 112847 112848 112849 112850 0.904762 0.904762 EQUAL
162921 162924 162925 162926 162927 162929 162931 0.904762 0.904762 EQUAL
162921 162924 162925 162926 162927 162929 162932 0.904762 0.904762 EQUAL
162921 162924 162925 162926 162927 162931 162932 0.904762 0.904762 EQUAL
289776 289777 289778 289782 289783 289784 289787 0.904762 0.904762 EQUAL
289776 289777 289778 289782 289783 289786 289787 0.952381 0.952381 EQUAL
308651 308652 308653 308654 308657 308658 308660 0.904762 0.761905 DIFF
308651 308652 308653 308655 308657 308658 308660 0.904762 0.761905 DIFF
308651 308652 308653 308656 308657 308658 308660 0.904762 0.809524 DIFF
308651 308652 308653 308657 308658 308659 308660 0.904762 0.761905 DIFF
308742 308743 308744 308745 308746 308747 308751 0.904762 0.904762 EQUAL
308742 308743 308744 308746 308747 308748 308751 0.904762 0.904762 EQUAL
308742 308743 308744 308746 308747 308749 308751 0.904762 0.904762 EQUAL
308742 308743 308744 308746 308747 308750 308751 0.904762 0.904762 EQUAL
380972 380973 380974 380975 380976 380977 380978 0.904762 0.904762 EQUAL
380972 380973 380974 380975 380976 380978 380979 0.904762 0.904762 EQUAL
380972 380973 380974 380975 380976 380978 380980 0.904762 0.904762 EQUAL
380972 380973 380975 380976 380977 380978 380979 0.904762 0.904762 EQUAL
380972 380973 380975 380976 380977 380978 380980 0.904762 0.904762 EQUAL
380972 380973 380975 380976 380978 380979 380980 0.904762 0.904762 EQUAL
415466 415467 415468 415469 415470 415471 415475 0.904762 0.904762 EQUAL
415466 415467 415468 415470 415471 415474 415475 0.904762 0.904762 EQUAL
415944 415945 415946 415947 415948 415950 415954 0.904762 0.952381 DIFF
415944 415946 415947 415948 415949 415950 415954 0.904762 0.952381 DIFF
415945 415946 415947 415948 415949 415950 415954 0.904762 1.000000 DIFF
415945 415946 415947 415948 415950 415951 415954 0.904762 0.904762 EQUAL
577503 577504 577507 577509 577510 577512 577513 0.904762 0.904762 EQUAL
162921 162922 162924 162926 162927 0.900000 0.900000 EQUAL
162921 162924 162926 162927 162928 0.900000 0.900000 EQUAL
162921 162924 162926 162927 162930 0.900000 0.900000 EQUAL
289775 289776 289777 289778 289779 0.900000 0.900000 EQUAL
289775 289776 289777 289778 289780 0.900000 0.900000 EQUAL
289775 289776 289777 289778 289781 0.900000 0.900000 EQUAL
289775 289776 289777 289778 289782 0.900000 0.900000 EQUAL
289775 289776 289777 289778 289783 0.900000 0.900000 EQUAL
289775 289776 289777 289778 289784 0.900000 0.900000 EQUAL
289775 289776 289777 289778 289786 0.900000 0.900000 EQUAL
289775 289776 289777 289778 289787 0.900000 0.900000 EQUAL
289776 289777 289778 289779 289784 0.900000 0.900000 EQUAL
289776 289777 289778 289780 289784 0.900000 0.900000 EQUAL
289776 289777 289778 289781 289784 0.900000 0.900000 EQUAL
289776 289777 289778 289784 289786 0.900000 0.900000 EQUAL
415944 415946 415947 415949 415955 0.900000 0.900000 EQUAL
415945 415946 415947 415949 415955 0.900000 0.900000 EQUAL
482156 482158 482159 482163 482165 0.900000 0.900000 EQUAL
317811 317812 317817 1.000000 1.000000 EQUAL
162921 162923 1.000000 1.000000 EQUAL
